#in 236,-57 222,-101 202,-78;20,0 -20,-40 -20,0
in 267,86 290,45 263,44;-20,40 -60,0 -60,40
#in 275,-113 317,-225 280,-183;-20,80 20,40 -20,40
in 266,86 290,45 262,44;-20,40 -60,0 -60,40
#in 327,93 289,43 265,88;-100,40 -60,80 -60,40
#in 265,87 287,45 271,63;-20,80 20,40 -20,40
#in 52,-96 65,42 126,-73;-20,80 20,40 -20,40
#in 264,85 286,42 266,64;-100,40 -60,80 -60,40
#in 53,-94 65,45 126,-76;-20,80 20,40 -20,40
#in 229,102 57,37 126,75;-60,0 -20,40 -20,0
#in 231,112 364,87 285,89;-20,40 -60,0 -60,40
#in 129,13 71,54 104,55;-60,-40 -100,0 -60,0
#in -37,-44 206,-40 89,-110;-60,40 -20,0 -60,0
#in 393,89 352,13 328,82;-100,40 -60,80 -60,40
#in 283,-89 297,-117 275,-110;-60,0 -20,40 -20,0
#in 283,-89 302,-120 275,-110;-60,0 -20,40 -20,0
#in 282,-76 296,-116 275,-110;-20,0 -60,40 -20,40
#in 267,90 287,76 268,69;-20,40 -60,0 -60,40
in 251,-49 177,14 247,18;-20,40 -60,0 -60,40
in 116,13 53,95 102,101;-100,40 -60,80 -60,40
in 110,15 51,97 96,101;-100,40 -60,80 -60,40
in 183,-47 227,25 239,-40;-20,80 20,40 -20,40
in 170,23 241,-40 181,-43;-60,0 -20,40 -20,0
in 88,-36 156,46 160,-21;-60,-40 -100,0 -60,0
in 88,-38 152,44 158,-22;-60,-40 -100,0 -60,0
in 223,-26 269,39 278,-22;-20,80 20,40 -20,40
#in -180,-35 -22,-2 -82,-107;-60,40 -20,0 -60,0
in 95,-10 29,59 97,52;-20,40 -60,0 -60,40
#in 293,48 242,86 270,89;-20,40 -60,0 -60,40
#in -190,-31 -46,-1 -156,-90;-60,0 -20,40 -20,0
in 19,50 83,-19 19,-14;-60,0 -20,40 -20,0
in 95,47 27,-9 29,53;-60,-40 -100,0 -60,0
in 45,49 108,-19 46,-14;-60,0 -20,40 -20,0
in 53,48 117,-22 52,-14;-60,0 -20,40 -20,0
#in 289,-65 129,-20 191,-23;-100,40 -60,80 -60,40
in 132,-22 65,47 131,42;-20,40 -60,0 -60,40
in 133,-21 67,47 133,42;-20,40 -60,0 -60,40
in 67,47 133,-21 70,-16;-60,0 -20,40 -20,0
in 70,-17 134,43 134,-19;-20,80 20,40 -20,40
in 68,48 136,-20 71,-15;-60,0 -20,40 -20,0
in 135,-20 69,47 134,43;-20,40 -60,0 -60,40
in 137,-19 69,47 136,43;-20,40 -60,0 -60,40
in 136,-19 70,49 137,45;-20,40 -60,0 -60,40
in 71,-15 137,45 138,-17;-20,80 20,40 -20,40
in 139,-19 72,49 138,45;-20,40 -60,0 -60,40
in 72,49 138,-19 74,-16;-60,0 -20,40 -20,0
in 69,48 196,41 133,-20;-100,40 -60,80 -60,40
in 69,-17 133,43 131,-18;-20,80 20,40 -20,40
in 66,-18 130,37 132,-25;-20,80 20,40 -20,40
in 132,-23 66,42 131,37;-20,40 -60,0 -60,40
in 292,48 191,-18 189,42;-100,40 -60,80 -60,40
in 66,46 129,-16 68,-14;-60,0 -20,40 -20,0
in 62,51 127,-11 63,-9;-60,0 -20,40 -20,0
in 291,55 189,-14 188,46;-100,40 -60,80 -60,40
in 287,90 188,-15 187,45;-100,40 -60,80 -60,40
in 287,90 189,-17 187,42;-100,40 -60,80 -60,40
in 60,49 124,-13 61,-8;-60,0 -20,40 -20,0
#in 287,90 184,-10 182,48;-100,40 -60,80 -60,40
in 121,-8 57,52 121,50;-20,40 -60,0 -60,40
in 121,-9 55,52 119,50;-20,40 -60,0 -60,40
#in 269,91 182,-9 179,49;-100,40 -60,80 -60,40
#in 269,90 183,-10 180,47;-100,40 -60,80 -60,40
#in 268,90 182,-10 179,48;-100,40 -60,80 -60,40
#in 269,90 182,-9 179,49;-100,40 -60,80 -60,40
#in 269,90 182,-9 179,50;-100,40 -60,80 -60,40
#in 269,90 181,-10 178,47;-100,40 -60,80 -60,40
#in 269,90 181,-10 178,47;-100,40 -60,80 -60,40
in 118,-8 55,51 119,48;-20,40 -60,0 -60,40
in 118,-7 54,52 117,50;-20,40 -60,0 -60,40
in 119,-9 54,52 118,49;-20,40 -60,0 -60,40
in 119,-8 54,51 118,49;-20,40 -60,0 -60,40
in 116,-9 53,52 117,50;-20,40 -60,0 -60,40
in 117,-9 52,52 116,49;-20,40 -60,0 -60,40

